1	25212	16676	7178	1	1	49066	66497	50051	7581	15923	73555	51232
2	98758	39216	19220	1	0	157194	70488	50933	7282	13875	72090	58099
3	89036	28854	21650	1	0	139540	78443	51409	7223	13796	72428	71779
4	84668	23304	23534	6	5	131506	81503	52363	7205	13547	73115	77042
5	76780	22072	21510	6	0	120362	78301	51346	7221	14224	72791	71536
6	59912	22444	22762	6	0	105118	78443	51409	7223	13796	72428	71779
7	21976	8744	11026	9	3	41746	50941	47733	7603	15847	71183	24477
8	14710	7860	5622	9	0	28192	41814	44479	7699	18484	70662	8778
9	32508	18184	10066	15	6	60758	68023	50152	7773	15891	73816	53857
10	95284	38128	25402	19	4	158814	83981	52432	7188	13406	73026	81306
11	83568	25388	34404	24	5	143360	89154	52299	7499	13671	73469	90202
12	73636	22274	38126	33	9	134036	88841	52244	7537	13659	73440	89665
13	58968	25912	31388	33	0	116268	88548	51298	7309	13813	72420	89160
14	16208	19638	14286	53	20	50132	51647	50019	7985	16091	74095	25690
15	25014	14550	8304	56	3	47868	63947	49094	7613	16253	72960	46848
16	88094	35504	20068	86	30	143666	70587	51888	7274	13679	72841	58269
17	80746	21108	16434	98	12	118288	70298	51486	7283	14137	72906	57772
18	78304	15506	20542	131	33	114352	72056	51024	7105	14151	72280	60795
19	70650	14500	22108	137	6	107258	75793	50910	7077	14368	72355	67221
20	56144	22142	21620	191	54	99906	78301	52294	7226	13599	73119	71536
21	19506	16640	8548	262	71	44694	51424	50540	7594	15845	73979	25307
22	26500	10478	5340	290	28	42318	59167	49400	7600	15258	72258	38626
23	88280	22234	10402	410	120	120916	70292	51818	7223	13495	72536	57761
24	79412	14962	9340	546	136	103714	68732	50679	7038	14186	71903	55078
25	77222	9620	7514	703	157	94356	61858	51126	7023	13549	71698	43253
26	65122	4892	5770	817	114	75784	61690	48190	6965	14869	70024	42965
27	51764	11566	3906	1014	197	67236	62335	51067	7551	13733	72351	44074
28	16800	11318	1318	1226	212	29436	42529	49982	7607	15322	72911	10007
29	25550	2334	400	1613	387	28284	58786	45793	7465	17223	70481	37970
30	57508	1596	330	1880	267	59434	61690	48190	6965	14869	70024	42965
31	40638	434	352	2475	595	41424	61166	46327	7547	16683	70557	42064
32	48552	298	662	2923	448	49512	61495	48148	7378	14813	70339	42629
33	43162	364	1094	3357	434	44620	61583	46039	7526	16763	70328	42782
34	41722	3222	1218	3893	536	46162	61156	46288	7538	16813	70639	42047
35	16326	6034	590	4484	591	22950	42177	46005	7462	17636	71103	9403
36	19998	2064	554	5181	697	22616	41785	42093	7397	20985	70475	8728
37	51312	2956	878	5841	660	55146	62063	48152	7407	14948	70507	43608
38	42678	2030	1302	6698	857	46010	59452	37393	7391	23225	68009	39116
39	39842	1150	1442	7822	1124	42434	59084	37446	7408	23252	68106	38484
40	37236	1526	2376	8852	1030	41138	58716	37458	7392	23221	68071	37850
41	32280	6044	2420	10158	1306	40744	57888	36678	7341	24448	68467	36427
42	9476	6624	914	11513	1355	17014	39607	34695	7501	26316	68512	4983
43	12698	2144	872	13002	1489	15714	40574	34853	7534	24209	66596	6647
44	30962	3910	1340	14776	1774	36212	58395	36736	7358	23849	67943	37297
45	25144	2892	1330	16146	1370	29366	55737	36512	7344	24014	67870	32727
46	21546	1288	2312	18105	1959	25146	43838	36766	7356	23871	67993	12259
47	18410	1148	2992	20754	2649	22550	40193	36602	7266	22913	66781	5991
48	15624	3150	3218	24324	3570	21992	40038	38396	6155	21338	65889	5723
49	5860	4128	1670	26350	2026	11658	39983	34888	7470	24953	67311	5630
50	8018	2210	1280	29433	3083	11508	39951	35150	6398	23866	65414	5574
51	21500	3942	2240	31981	2548	27682	44031	36662	7278	23175	67115	12592
52	17706	2576	2300	33940	1959	22582	40197	36723	7368	23826	67917	5996
53	16342	1652	3742	36897	2957	21736	40112	36843	6287	22604	65734	5852
54	14342	1346	4942	39509	2612	20630	40196	35258	7443	23800	66501	5996
55	10856	3204	4564	42480	2971	18624	40119	35380	6473	23280	65133	5864
56	4482	3246	2600	45351	2871	10328	39908	34977	6642	23933	65552	5501
57	6336	2002	1370	48426	3075	9708	39702	35169	6385	23705	65259	5144
58	15076	2698	2770	50646	2220	20544	39848	35941	7432	24033	67406	5396
59	12602	1162	3558	53739	3093	17322	39874	35230	6403	22741	64374	5441
60	11548	1180	3852	57300	3561	16580	39958	36980	6329	22018	65327	5585
61	8376	1470	4722	62658	5358	14568	39993	37045	6323	22144	65512	5645
62	3562	1212	3054	68606	5948	7828	39745	36689	6309	22121	65119	5219
63	3180	948	4164	74401	5795	8292	39745	36689	6309	22121	65119	5219
64	2876	2488	2392	80115	5714	7756	39745	36689	6309	22121	65119	5219
65	3810	5064	2742	85973	5858	11616	39745	36555	6309	22746	65610	5219
66	6984	2668	1984	92676	6703	11636	39745	36689	6309	22121	65119	5219
67	13896	2108	3676	98522	5846	19680	39988	37604	6308	20919	64831	5637
68	10378	908	4564	104189	5667	15850	40039	37741	6304	21108	65153	5725
69	7660	1396	5598	109740	5551	14654	39962	36670	6323	22245	65238	5591
70	2048	2122	2362	115909	6169	6532	39745	36689	6309	22121	65119	5219
71	2500	3660	2224	121301	5392	8384	39745	36689	6309	22121	65119	5219
72	6710	3452	3002	126004	4703	13164	39820	36446	6371	22617	65434	5348
73	11566	3660	4806	130716	4712	20032	39967	37322	6349	21430	65101	5602
74	10494	1672	4912	135464	4748	17078	40104	37484	6365	21592	65441	5836
75	9458	1226	6440	138969	3505	17124	40110	37095	6360	22681	66136	5847
76	7388	3032	5710	142824	3855	16130	40040	36391	6371	23090	65852	5727
77	2310	3040	3108	146062	3238	8458	39683	35178	6372	23668	65218	5112
78	3900	1926	2636	149607	3545	8462	39796	36251	6347	22903	65501	5308
79	11630	3434	6700	152306	2699	21764	40110	35143	7360	23272	65775	5847
80	8472	2302	6170	155219	2913	16944	40186	35002	6529	24065	65596	5978
81	8476	1350	5582	158207	2988	15408	40184	35085	6470	23971	65526	5974
82	8168	1058	5816	161397	3190	15042	39951	35159	6398	23848	65405	5574
83	5586	3152	5418	163913	2516	14156	40054	34884	7408	24405	66697	5750
84	1914	3864	3080	166473	2560	8858	40028	34884	7404	24368	66656	5707
85	4298	2428	2300	169303	2830	9026	39908	34977	6642	23933	65552	5501
86	11902	4468	4914	171443	2140	21284	40100	34883	7461	24363	66707	5830
87	10758	3066	5062	173497	2054	18886	40234	35307	7474	24488	67269	6062
88	11766	1742	6364	175829	2332	19872	39517	35072	7418	24065	66555	4826
89	10892	1024	8028	178196	2367	19944	40280	35153	7420	24035	66608	6140
90	8902	5468	4688	180791	2595	19058	40014	34489	7417	25388	67294	5682
91	2548	6344	3016	183088	2297	11908	38354	34057	7446	25858	67361	2826
92	6602	3050	2524	185374	2286	12176	39641	34921	7442	24602	66965	5041
93	20954	5102	5548	187216	1842	31604	43720	36451	7355	24521	68327	12056
94	17732	3168	4938	189214	1998	25838	40185	36668	7343	23764	67775	5976
95	16726	2252	6316	191069	1855	25294	40197	36756	7353	23745	67854	5996
96	16894	1346	8120	193061	1992	26360	40185	36668	7343	23764	67775	5976
97	12646	4190	7312	195017	1956	24148	40157	34904	7546	24256	66706	5927
98	2514	48	318	197018	2001	2880	39983	34888	7470	24953	67311	5630
99	7272	3286	2324	198590	1572	12882	40380	34951	7486	25067	67504	6312
100	25746	6068	6496	199785	1195	38310	56126	36051	7340	24619	68010	33395
101	24972	3990	9436	201221	1436	38398	55739	36521	7345	24005	67871	32729
102	21910	1864	9256	202935	1714	33030	44073	36766	7356	23890	68012	12665
103	15570	2466	18858	204428	1493	36894	40973	34870	7713	26026	68609	7333
104	3694	6210	10850	205905	1477	20754	39417	33970	7614	26159	67743	4656
105	3258	9148	6928	207264	1359	19334	40028	36208	7588	25842	69638	5705
106	9656	7280	6000	208680	1416	22936	39625	34430	7564	26347	68341	5013
107	36096	16642	13278	209745	1065	66016	66776	40915	7735	23209	71859	51713
108	29154	10582	12084	210785	1040	51820	58223	39008	7741	24170	70919	37001
109	28346	5646	10906	211921	1136	44898	57771	35856	7471	24972	68299	36225
110	29006	2870	18770	212978	1057	50646	58416	34996	7687	26013	68696	37334
111	20734	8494	16112	213946	968	45340	42883	33244	7810	27259	68313	10618
112	4712	8644	8216	215014	1068	21572	39659	35350	7571	25919	68840	5071
113	9720	2746	10580	216095	1081	23046	40624	35111	7625	25000	67736	6731
114	33120	10094	18908	216906	811	62122	59271	38089	7810	25466	71365	38805
115	22800	1610	16390	217791	885	40800	51143	34054	7726	26174	67954	24823
116	12628	3266	11394	218604	813	27288	40532	34466	7782	24337	66585	6572
117	36254	3772	23044	219354	750	63070	68449	37496	7576	24724	69796	54590
118	24834	12128	19478	220071	717	56440	57333	40047	7765	23513	71325	35470
119	6136	9606	8596	220853	782	24338	39662	38434	7597	24938	70969	5078
120	10802	4084	9810	221598	745	24696	40062	35797	7485	24126	67408	5763
121	40256	13192	21016	222209	611	74464	73468	50431	7746	15155	73332	63222
122	27448	23406	19560	222871	662	70414	69414	50164	7970	15898	74032	56250
123	18732	6480	14762	223530	659	39974	41963	44571	7884	18749	71204	9036
124	46416	3902	28238	224210	680	78556	79530	48422	7686	15361	71469	73650
125	34360	13890	21676	224860	650	69926	72711	49339	7821	16453	73613	61921
126	9516	14956	10174	225545	685	34646	50917	48617	7847	17712	74176	24436
127	16956	8232	7240	226171	626	32428	42018	46138	7552	17787	71477	9128
128	57514	17332	17374	226795	624	92220	69953	51350	7276	14178	72804	57178
129	49386	11658	16214	227363	568	77258	62432	50721	7742	14083	72546	44242
130	47484	8144	20664	228000	637	76292	63904	48167	7830	15739	71736	46772
131	47204	5816	24372	228678	678	77392	73614	48419	7680	15666	71765	63474
132	36376	15370	19430	229357	679	71176	68248	50464	7915	15735	74114	54244
133	11282	11748	8628	230029	672	31658	43875	49275	7759	15706	72740	12323
134	16208	7618	6600	230642	613	30426	41874	46135	7503	17864	71502	8881
135	57256	18700	17452	231270	628	93408	70277	51171	7277	14261	72709	57733
136	52802	13682	16062	231801	531	82546	67057	50348	7698	14241	72287	52195
137	51718	10496	19748	232376	575	81962	61801	51013	7717	14367	73097	43156
138	49854	4882	23952	232954	578	78688	72827	49013	7530	15045	71588	62121
139	41492	13000	19924	233545	591	74416	65870	49990	7820	15291	73101	50154
140	12056	12068	9988	234123	578	34112	43720	49698	7871	14799	72368	12056
141	16744	7698	7976	234725	602	32418	41812	45999	7524	17864	71387	8773
142	61220	19448	19536	235363	638	100204	70357	51472	7265	14355	73092	57871
143	53668	15286	17286	235971	608	86240	69180	50414	7647	14294	72355	55848
144	51490	10506	20456	236616	645	82452	64361	51013	7691	14326	73030	47557
145	49282	7812	22346	237264	648	79440	69850	48878	7570	15748	72196	57000
146	42588	13804	17698	237947	683	74090	67783	49317	7901	16411	73629	53444
147	13528	12680	8102	238641	694	34310	46682	49249	7664	15335	72248	17152
148	17206	9316	6210	239315	674	32732	42268	49056	7569	15680	72305	9558
149	64372	17930	16200	239986	671	98502	71018	51152	7273	14355	72780	59008
150	57626	15470	15598	240664	678	88694	70183	50768	7153	14360	72281	57572
151	56508	11524	18984	241359	695	87016	61795	50348	7135	14837	72320	43145
152	53156	6164	23020	242049	690	82340	71444	48253	7513	15950	71716	59741
153	43956	14194	20460	242713	664	78610	71306	49418	7872	15790	73080	59503
154	14512	14684	93336	243406	693	122532	69599	43631	8268	19492	71391	56568
155	19028	9340	8044	244097	691	36412	41723	48558	7543	15979	72080	8623
156	63070	21960	22136	244784	687	107166	79492	52162	7217	14135	73514	73585
157	53384	16730	20578	245468	684	90692	73549	51392	7678	14516	73586	63362
158	52924	12030	21796	246154	686	86750	71819	51497	7638	13619	72754	60386
159	48554	7950	24728	246845	691	81232	74197	48656	7509	15999	72164	64476
160	39574	13920	22272	247534	689	75766	74480	49986	7770	16444	74200	64964
161	11568	12144	10296	248228	694	34008	43781	49179	7818	15395	72392	12162
162	17648	8510	7238	248922	694	33396	40585	45565	7524	17984	71073	6664
163	56818	23532	21956	249611	689	102306	79663	52226	7220	13599	73045	73880
164	49772	18310	21222	250303	692	89304	79445	51760	7798	14601	74159	73503
165	48750	11476	26246	250991	688	86472	77994	51194	7607	14110	72911	71007
166	47112	6060	28506	251686	695	81678	78594	47755	7659	16271	71685	72039
167	37278	15552	25670	252374	688	78500	81134	50766	7760	15399	73925	76408
168	10610	13430	10800	253064	690	34840	49294	48743	7753	15419	71915	21643
169	15068	9514	9294	253757	693	33876	41290	48558	7668	16131	72357	7877
170	58302	21522	27332	254448	691	107156	88130	52243	7208	14098	73549	88442
171	51694	16708	24508	255136	688	92910	82337	51795	7600	14405	73800	78476
172	49890	12066	27434	255826	690	89390	80420	51549	7633	13475	72657	75180
173	49246	9488	30892	256513	687	89626	80936	50863	7627	14112	72602	76068
174	38524	16322	27370	257124	611	82216	83764	51341	7750	15796	74887	80932
175	11142	12748	11864	257749	625	35754	47576	49273	7948	14902	72123	18687
176	15002	9476	9844	258430	681	34322	42123	48923	7708	15832	72463	9309
177	53932	23962	30098	259070	640	107992	87801	52126	7772	13749	73647	87876
178	47136	19816	32124	259707	637	99076	88599	51922	8175	14511	74608	89248
179	46556	12258	32040	260361	654	90854	84162	51493	7970	13319	72782	81618
180	43260	8524	38136	261038	677	89920	82692	46596	8023	17439	72058	79089
181	34504	14892	34374	261733	695	83770	83365	48158	7979	17362	73499	80246
182	10026	13522	14796	262418	685	38344	49412	48159	8007	16285	72451	21848
183	15390	9834	11808	263059	641	37032	42186	49719	7943	15353	73015	9418
184	59178	21382	30560	263684	625	111120	87698	52103	7292	14034	73429	87698
185	54186	20178	33234	264374	690	107598	90370	52074	8021	14479	74574	92294
