49066	3	70704	3	01.03.2020
157194	3	244992	3	02.03.2020
139540	3	220716	3	03.03.2020
131506	3	209584	3	04.03.2020
120362	3	194406	3	05.03.2020
105118	3	169048	3	06.03.2020
41746	3	64718	3	07.03.2020
28192	3	41496	3	08.03.2020
60758	3	99176	3	09.03.2020
158814	3	250588	3	10.03.2020
143360	3	228934	3	11.03.2020
134036	3	212542	3	12.03.2020
116268	3	185084	3	13.03.2020
50132	3	77748	3	14.03.2020
47868	3	71500	3	15.03.2020
143666	3	222954	3	16.03.2020
118288	3	184304	3	17.03.2020
114352	3	179328	3	18.03.2020
107258	3	169866	3	19.03.2020
99906	3	157251	3	20.03.2020
44694	3	70996	3	21.03.2020
42318	3	65196	3	22.03.2020
120916	3	186790	3	23.03.2020
103714	3	161824	3	24.03.2020
94356	3	145934	3	25.03.2020
75784	3	115344	3	26.03.2020
67236	3	100736	3	27.03.2020
29436	3	45074	3	28.03.2020
28284	3	42628	3	29.03.2020
59434	3	89374	3	30.03.2020
41424	3	62760	3	31.03.2020
49512	4	76104	4	01.04.2020
44620	4	68010	4	02.04.2020
46162	4	69502	4	03.04.2020
22950	4	34802	4	04.04.2020
22616	4	34656	4	05.04.2020
55146	4	83032	4	06.04.2020
46010	4	70838	4	07.04.2020
42434	4	66696	4	08.04.2020
41138	4	65206	4	09.04.2020
40744	4	63252	4	10.04.2020
17014	4	27436	4	11.04.2020
15714	4	27234	4	12.04.2020
36212	4	57346	4	13.04.2020
29366	4	47038	4	14.04.2020
25146	4	40662	4	15.04.2020
22550	4	37224	4	16.04.2020
21992	4	36080	4	17.04.2020
11658	4	19598	4	18.04.2020
11508	4	19484	4	19.04.2020
27682	4	45784	4	20.04.2020
22582	4	38512	4	21.04.2020
21736	4	37534	4	22.04.2020
20630	4	36909	4	23.04.2020
18624	4	33540	4	24.04.2020
10328	4	19294	4	25.04.2020
9708	4	18200	4	26.04.2020
20544	4	38863	4	27.04.2020
17322	4	32716	4	28.04.2020
16580	4	31182	4	29.04.2020
14568	4	26682	4	30.04.2020
7828	5	13698	5	01.05.2020
8292	5	15048	5	02.05.2020
7756	5	14042	5	03.05.2020
11616	5	19821	5	04.05.2020
11636	5	21404	5	05.05.2020
19680	5	36322	5	06.05.2020
15850	5	30194	5	07.05.2020
14654	5	27036	5	08.05.2020
6532	5	12108	5	09.05.2020
8384	5	16006	5	10.05.2020
13164	5	23980	5	11.05.2020
20032	5	37982	5	12.05.2020
17078	5	33040	5	13.05.2020
17124	5	33014	5	14.05.2020
16130	5	29910	5	15.05.2020
8458	5	16382	5	16.05.2020
8462	5	17064	5	17.05.2020
21764	5	40242	5	18.05.2020
16944	5	33987	5	19.05.2020
15408	5	31210	5	20.05.2020
15042	5	30776	5	21.05.2020
14156	5	28708	5	22.05.2020
8858	5	17640	5	23.05.2020
9026	5	18306	5	24.05.2020
21284	5	41802	5	25.05.2020
18886	5	37132	5	26.05.2020
19872	5	38340	5	27.05.2020
19944	5	38610	5	28.05.2020
19058	5	35684	5	29.05.2020
11908	5	22668	5	30.05.2020
12176	5	23836	5	31.05.2020
31604	6	58648	6	01.06.2020
25838	6	48938	6	02.06.2020
25294	6	49438	6	03.06.2020
26360	6	50272	6	04.06.2020
24148	6	55116	6	05.06.2020
2880	6	16062	6	06.06.2020
12882	6	25540	6	07.06.2020
38310	6	70956	6	08.06.2020
38398	6	70626	6	09.06.2020
33030	6	62500	6	10.06.2020
36894	6	68736	6	11.06.2020
20754	6	36674	6	12.06.2020
19334	6	35524	6	13.06.2020
22936	6	43792	6	14.06.2020
66016	6	121984	6	15.06.2020
51820	6	98776	6	16.06.2020
44898	6	83338	6	17.06.2020
50646	6	93128	6	18.06.2020
45340	6	83932	6	19.06.2020
21572	6	39218	6	20.06.2020
23046	6	47544	6	21.06.2020
62122	6	107380	6	22.06.2020
40800	6	82262	6	23.06.2020
27288	6	51522	6	24.06.2020
63070	6	112188	6	25.06.2020
56440	6	99912	6	26.06.2020
24338	6	43402	6	27.06.2020
24696	6	45288	6	28.06.2020
74464	6	132632	6	29.06.2020
70414	6	121050	6	30.06.2020
39974	7	70162	7	01.07.2020
78556	7	136496	7	02.07.2020
69926	7	120844	7	03.07.2020
34646	7	60526	7	04.07.2020
32428	7	56996	7	05.07.2020
92220	7	159488	7	06.07.2020
77258	7	137446	7	07.07.2020
76292	7	132736	7	08.07.2020
77392	7	133078	7	09.07.2020
71176	7	122936	7	10.07.2020
31658	7	55332	7	11.07.2020
30426	7	52560	7	12.07.2020
93408	7	159196	7	13.07.2020
82546	7	140910	7	14.07.2020
81962	7	138108	7	15.07.2020
78688	7	133782	7	16.07.2020
74416	7	124386	7	17.07.2020
34112	7	58272	7	18.07.2020
32418	7	55388	7	19.07.2020
100204	7	167038	7	20.07.2020
86240	7	145448	7	21.07.2020
82452	7	139262	7	22.07.2020
79440	7	134072	7	23.07.2020
74090	7	123840	7	24.07.2020
34310	7	57378	7	25.07.2020
32732	7	54932	7	26.07.2020
98502	7	163388	7	27.07.2020
88694	7	148594	7	28.07.2020
87016	7	145386	7	29.07.2020
82340	7	137734	7	30.07.2020
78610	7	129018	7	31.07.2020
122532	8	146516	8	01.08.2020
36412	8	59296	8	02.08.2020
107166	8	175904	8	03.08.2020
90692	8	151864	8	04.08.2020
86750	8	144824	8	05.08.2020
81232	8	135652	8	06.08.2020
75766	8	126816	8	07.08.2020
34008	8	57552	8	08.08.2020
33396	8	55290	8	09.08.2020
102306	8	169902	8	10.08.2020
89304	8	149904	8	11.08.2020
86472	8	144594	8	12.08.2020
81678	8	135990	8	13.08.2020
78500	8	129564	8	14.08.2020
34840	8	59208	8	15.08.2020
33876	8	56624	8	16.08.2020
107156	8	176530	8	17.08.2020
92910	8	154740	8	18.08.2020
89390	8	148872	8	19.08.2020
89626	8	147434	8	20.08.2020
82216	8	134956	8	21.08.2020
35754	8	59020	8	22.08.2020
34322	8	56856	8	23.08.2020
107992	8	177322	8	24.08.2020
99076	8	163914	8	25.08.2020
90854	8	151154	8	26.08.2020
89920	8	149180	8	27.08.2020
83770	8	138038	8	28.08.2020
38344	8	63576	8	29.08.2020
37032	8	61840	8	30.08.2020
111120	8	185152	8	31.08.2020
107598	9	176260	9	01.09.2020
109844	9	180220	9	02.09.2020
101424	9	169694	9	03.09.2020
92466	9	154090	9	04.09.2020
40650	9	69238	9	05.09.2020
38524	9	65994	9	06.09.2020
117002	9	196612	9	07.09.2020
100500	9	169724	9	08.09.2020
99972	9	169014	9	09.09.2020
96788	9	162768	9	10.09.2020
90198	9	149184	9	11.09.2020
36828	9	63414	9	12.09.2020
35874	9	61828	9	13.09.2020
113850	9	192062	9	14.09.2020
103966	9	177600	9	15.09.2020
98928	9	168780	9	16.09.2020
96086	9	162212	9	17.09.2020
90348	9	151230	9	18.09.2020
38600	9	66628	9	19.09.2020
37870	9	64512	9	20.09.2020
116470	9	195096	9	21.09.2020
105138	9	177268	9	22.09.2020
99156	9	169018	9	23.09.2020
97930	9	164526	9	24.09.2020
92148	9	152618	9	25.09.2020
36684	9	63744	9	26.09.2020
34806	9	60368	9	27.09.2020
110272	9	186180	9	28.09.2020
101064	9	173524	9	29.09.2020
102172	9	171448	9	30.09.2020
95924	10	161361	10	01.10.2020
86306	10	145744	10	02.10.2020
33656	10	60688	10	03.10.2020
33282	10	58572	10	04.10.2020
103470	10	178344	10	05.10.2020
94930	10	164160	10	06.10.2020
89158	10	154322	10	07.10.2020
83120	10	144112	10	08.10.2020
76446	10	130308	10	09.10.2020
32266	10	57164	10	10.10.2020
31180	10	54972	10	11.10.2020
93282	10	162356	10	12.10.2020
81410	10	145418	10	13.10.2020
83122	10	144778	10	14.10.2020
88272	10	147774	10	15.10.2020
81588	10	135990	10	16.10.2020
37074	10	61734	10	17.10.2020
35404	10	59960	10	18.10.2020
102874	10	171284	10	19.10.2020
93004	10	155522	10	20.10.2020
80788	10	134356	10	21.10.2020
84534	10	142700	10	22.10.2020
82162	10	136434	10	23.10.2020
35084	10	60376	10	24.10.2020
34276	10	58024	10	25.10.2020
99702	10	166458	10	26.10.2020
92540	10	154716	10	27.10.2020
91880	10	153598	10	28.10.2020
87876	10	148508	10	29.10.2020
85834	10	142388	10	30.10.2020
